//以“//”开始的是注释行
//每个编号对应的景点
//编号 景点
1    正门
2    行政楼
3    广场
4    实验楼
5    信息中心
6    图书馆
7    教学楼A
8    教学楼B
9    教学楼C
10  运动场
11  体育馆
12  篮球场
13  餐厅
14  商业街
15  学生宿舍1
16  学生宿舍2
17  25号楼
18  教师公寓
19  学生活动中心
20   招待中心
21   后门
22   停车场
//end
//每个景点间对应的路线
//起始景点 结束景点  路径长度
1    2   10
1   22   20
1    3   12
1    4    8
2    4   10
2   3   15
2    5    8
3   4   7
3   5   9
3   6   7
3   8   6
3   9   5
3   12  15
4   6   6
5   9   4
5   13   10
5   14   11
6   10   23
6   8   7
7   8   3
7   9   3
7   10   7
7   11   15
8   9   5
8   10   17
9   12   13
10   12   15
10   11   10
11   16   22
11   12   9
11   15   18
11   21   7
12   14   9
12   15   10
13   14   10
13   19   6
13   22   5
14   15   5
15   16   7
15   19   15
15   18   10
16   17   4
16   20   13
16   21   7
17   18   9
17   20   14
18   19   8
19   22   7
//end